-10 -3.5 -7 -3.5 7 7 3.5 0 0;
-10 -3.5 -7 -3.5 7 7 3.5 0 0;
-10 -3.5 -7 -3.5 7 7 3.5 0 0;
-10 -3.5 -7 -3.5 7 7 3.5 0 0;
-10 -3.5 -7 -3.5 7 7 3.5 0 0;
-10 -3.5 -7 -3.5 7 7 3.5 0 0;
-10 -3.5 -7 -3.5 7 7 3.5 0 0;
-10 -3.5 -7 -3.5 7 7 3.5 0 0;
-10 -3.5 -7 -3.5 7 7 3.5 0 0;
-10 -3.5 -7 -3.5 7 7 3.5 0 0;
-7 -3.5 -7 -3.5 7 7 3.5 0 0;
-7 -3.5 -7 -3.5 7 3.5 3.5 0 0;
-7 -3.5 -7 -3.5 3.5 3.5 3.5 0 0;
-7 -3.5 -7 0 3.5 3.5 3.5 0 0;
-7 0 -7 0 3.5 3.5 3.5 0 0;
-7 0 -3.5 0 3.5 3.5 3.5 0 0;
-3.5 0 -3.5 0 3.5 3.5 3.5 0 0;
-3.5 0 -3.5 0 3.5 3.5 3.5 0 0;
-3.5 0 -3.5 0 3.5 3.5 0 0 0;
-3.5 0 -3.5 0 3.5 3.5 0 0 0;
-3.5 0 -3.5 0 0 0 0 0 0;
-3.5 0 -3.5 0 0 0 0 0 0;
-3.5 0 -3.5 0 0 0 0 0 0;
-3.5 0 -3.5 0 0 0 0 0 0;
0 0 0 0 0 0 0 0 0;
0 0 0 0 0 0 0 0 0;
0 0 0 0 0 0 0 0 0;
0 0 0 0 0 0 0 0 0;
0 0 0 0 0 0 0 0 0;
0 0 0 0 0 0 0 0 0;
0 0 0 0 0 0 0 0 0;
0 0 0 0 0 0 0 0 0;
0 0 0 0 0 0 0 0 0;
0 0 0 0 0 0 0 0 0;
0 0 0 0 0 0 0 0 0;
0 0 0 0 0 0 0 0 0;
3.5 0 0 0 0 0 0 0 0;
3.5 0 3.5 0 0 0 0 0 0;
3.5 3.5 3.5 0 0 0 0 0 0;
3.5 3.5 3.5 -3.5 0 0 0 0 0;
3.5 3.5 3.5 -3.5 -3.5 0 0 0 0;
3.5 3.5 3.5 -3.5 -3.5 -3.5 0 0 0;
3.5 3.5 3.5 -3.5 -3.5 -3.5 -3.5 0 0;
3.5 3.5 3.5 -3.5 -3.5 -3.5 -3.5 -3.5 -7;
3.5 3.5 3.5 -3.5 -3.5 -3.5 -3.5 -3.5 -7;
3.5 3.5 3.5 -3.5 -3.5 -3.5 -3.5 -3.5 -7;
3.5 3.5 3.5 -3.5 -3.5 -3.5 -3.5 -3.5 -7;
3.5 3.5 3.5 -3.5 -3.5 -3.5 -3.5 -3.5 -7;
7 3.5 3.5 -3.5 -3.5 -3.5 -3.5 -7 -7;
7 3.5 7 -3.5 -3.5 -3.5 -3.5 -7 -7;
7 7 7 -3.5 -3.5 -3.5 -3.5 -7 -7;
7 7 7 -3.5 -3.5 -3.5 -7 -7 -7;
7 7 7 -3.5 -7 -3.5 -7 -7 -7;
7 7 7 -3.5 -7 -3.5 -7 -7 -7;
7 7 7 -3.5 -7 -3.5 -7 -7 -7;
7 7 7 -3.5 -7 -7 -7 -7 -7;
7 7 7 -3.5 -7 -7 -7 -7 -7;
7 7 7 -3.5 -7 -7 -7 -7 -7;
7 7 7 -3.5 -7 -7 -7 -7 -7;
7 7 7 -3.5 -7 -7 -7 -7 -7;
7 7 7 -3.5 -7 -7 -7 -7 -7;